[1,2,3]
[11,2,3]
[1111,2,3]
==================================================
[1,2,3]
[11,2,3]
[1111,2,3]
==================================================
[1,2,3]
[11,2,3]
[1111,2,3]
==================================================
[1,2,3]
[11,2,3]
[1111,2,3]
==================================================
[1,2,3]
[11,2,3]
[1111,2,3]
==================================================
[1,2,3]
[11,2,3]
[1111,2,3]
==================================================
[1,2,3]
[11,2,3]
[1111,2,3]
==================================================
